2 0.159776
2 0.139360
2 0.143840
2 0.190464
2 0.239616
4 0.451712
4 0.291264
4 0.302208
4 0.294304
4 0.284672
8 0.627840
8 0.467968
8 0.592896
8 0.479328
8 0.452768
16 0.876544
16 0.640000
16 0.633856
16 0.950272
16 1.036288
32 1.004544
32 1.191232
32 0.915712
32 0.911360
32 1.046528
64 1.408256
64 1.260544
64 1.273856
64 1.390048
64 1.247232
128 2.101568
128 1.974656
128 2.012160
128 2.074880
128 1.808416
256 3.321056
256 2.898976
256 2.841696
256 2.808096
256 3.001632
512 5.342208
512 4.687104
512 4.837504
512 4.619744
512 4.649984
1024 9.328640
1024 8.852768
1024 8.142848
1024 8.109120
1024 8.154272
2048 15.206848
2048 15.140864
2048 15.238528
2048 14.952448
2048 15.226880
4096 29.712671
4096 30.585855
4096 30.414911
4096 29.028353
4096 31.469568
8192 55.851009
8192 55.636993
8192 58.024994
8192 59.599297
8192 55.752735
