2 0.165280
2 0.155648
2 0.099328
2 0.122272
2 0.114688
4 0.286720
4 0.204192
4 0.361728
4 0.212992
4 0.192512
8 0.296032
8 0.288896
8 0.461824
8 0.346240
8 0.320800
16 0.482304
16 0.421888
16 0.429056
16 0.552960
16 0.455680
32 0.501760
32 0.483712
32 0.593920
32 0.509408
32 0.551296
64 0.763904
64 0.619520
64 0.584704
64 0.593216
64 0.833536
128 0.743424
128 0.723232
128 0.709760
128 1.194080
128 0.728064
256 0.847872
256 0.810176
256 1.224704
256 0.803840
256 0.806400
512 1.129632
512 1.052672
512 0.886784
512 0.909376
512 0.905216
1024 1.065984
1024 1.290400
1024 1.000448
1024 1.130496
1024 1.420320
2048 1.682528
2048 1.150208
2048 1.342464
2048 1.195392
2048 1.175648
4096 1.360128
4096 1.306624
4096 2.001856
4096 1.481920
4096 1.348608
8192 2.191136
8192 1.536416
8192 1.590336
8192 1.605856
8192 1.523744
